  
   R 1920 108000000000000000000000000000000000000000000000000000000000000000000000

     C      0      ,            110            ,110

        NO        texture/tx     6 4- 1  
    SO   texture/txt6  4-2 

        WE texture/txt6 4-3.xpm 

        EA          texture/txt64-4.xpm  

   S     texture/unnamed.xpm   
          F                 114  ,  102, 142



        1111111111111111111111111
        1222222222222222222222221
        121122222222222221222222111
        1221222222222222222222221
111111111211222222222222222212221
1222222222222222222222111112111111
11112111111111211122212212221
111121111111112111121211S2211
11222222112121211122212212221
12222222222222221122222212221
12222222222222221121212212221
11222222111212221111121111222111
11112111 1112221 121111212221
11111111 1111211 11111111111
            121
           112111111
           122222221
          11222122211
         11122121222111
         1222221222221
1111111111222222222222111111111111111111111111111111111111111111111111111     1 
12222222222222212222222222222222222222222222222222222222222222222222222211
121111111111122121221111111111111111111111121111111111111211111111111121
121       11222122211                     121           121          121
121        122222221                      121           121          121
121        111121111111111111111111111111112111         121          121      
121           122222222222222222222222222222221      11112111        121
12111111111111111111111122111111111211211111121      12222221        121
1222222222222222222222222211      122221  111211111111211112111111111121
11111111111111111112111111111111111222211112222222222221  12222222222221
                  12222222222222222222222222111111111111  11111111111111
                  11111111111111111111111111




















